17
0.5 0.5 0.2 1 1 1
0.4 0.4 0.5 0.2 1 0.2
0.6 0.4 0.5 0.2 0.2 1
0.5 0.573 0.5 1 0.2 0.2
0.1 0.1 0.15 0.75 0 0
0.1 0.2 0.15 0.75 0 0
0.2 0.2 0.15 0.75 0 0
0.2 0.1 0.15 0.75 0 0
0.1 0.1 0.2 0 0 0.75
0.1 0.2 0.2 0 0 0.75
0.2 0.2 0.2 0 0 0.75
0.2 0.1 0.2 0 0 0.75
0.15 0.15 0.1 1 0 0
0.15 0.15 0.25 0 0 1
0.3 0.8 0.9 1 0 0
0.3 0.7 0.6 0 1 0
0.3 0.9 0.7 0 0 1

21
0 1 2
0 1 3
0 2 3
1 2 3
4 5 12
5 6 12
6 7 12
7 4 12
8 9 13
9 10 13
10 11 13
11 8 13
4 5 8
9 5 8
5 6 9
10 6 9
6 7 10
11 7 10
7 4 11
8 4 11
14 15 16

3
4 0 1 2 3
10 4 5 6 7 8 9 10 11 12 13
3 14 15 16
