17
0.500 0.683 0.225 1.000 1.000 1.000
0.408 0.592 0.500 0.200 1.000 0.200
0.592 0.592 0.500 0.200 0.200 1.000
0.500 0.750 0.500 1.000 0.200 0.200
0.366 0.000 0.180 0.750 0.000 0.000
0.320 0.079 0.180 0.750 0.000 0.000
0.400 0.125 0.180 0.750 0.000 0.000
0.445 0.046 0.180 0.750 0.000 0.000
0.366 0.000 0.225 0.000 0.000 0.750
0.320 0.079 0.225 0.000 0.000 0.750
0.400 0.125 0.225 0.000 0.000 0.750
0.445 0.046 0.225 0.000 0.000 0.750
0.383 0.063 0.134 1.000 0.000 0.000
0.383 0.063 0.271 0.000 0.000 1.000
0.317 0.775 0.942 1.000 0.000 0.000
0.317 0.637 0.531 0.000 1.000 0.000
0.317 0.912 0.668 0.000 0.000 1.000

21
14 15 16
1 2 3
0 2 3
0 1 3
0 1 2
11 8 13
8 9 13
10 11 13
9 10 13
8 4 11
9 5 8
11 7 10
10 6 9
4 5 8
6 7 10
7 4 11
5 6 9
5 6 12
7 4 12
6 7 12
4 5 12

3
4 0 1 2 3 
10 4 5 6 7 8 9 10 11 12 13 
3 14 15 16 
